50
New_York_City 40.7128 -74.0060
Los_Angeles 34.0522 -118.2437
Chicago 41.8781 -87.6298
Houston 29.7604 -95.3698
Phoenix 33.4484 -112.0740
Philadelphia 39.9526 -75.1652
San_Antonio 29.4241 -98.4936
San_Diego 32.7157 -117.1611
Dallas 32.7767 -96.7970
San_Jose 37.3541 -121.9552
Austin 30.2672 -97.7431
Jacksonville 30.3322 -81.6557
Indianapolis 39.7684 -86.1581
San_Francisco 37.7749 -122.4194
Columbus 39.9612 -82.9988
Fort_Worth 32.7555 -97.3308
Charlotte 35.2271 -80.8431
Seattle 47.6062 -122.3321
Denver 39.7392 -104.9903
El_Paso 31.7619 -106.4850
Detroit 42.3314 -83.0458
Washington_D.C. 38.8951 -77.0369
Boston 42.3601 -71.0589
Memphis 35.1495 -90.0490
Nashville 36.1627 -86.7816
Portland 45.5051 -122.6750
Oklahoma_City 35.4676 -97.5164
Las_Vegas 36.1699 -115.1398
Louisville 38.2527 -85.7585
Baltimore 39.2904 -76.6122
Milwaukee 43.0389 -87.9065
Albuquerque 35.0844 -106.6504
Tucson 32.2226 -110.9747
Fresno 36.7468 -119.7726
Sacramento 38.5816 -121.4944
Kansas_City 39.0997 -94.5786
Long_Beach 33.7701 -118.1937
Mesa 33.4152 -111.8315
Atlanta 33.7490 -84.3879
Colorado_Springs 38.8339 -104.8214
Raleigh 35.7796 -78.6382
Omaha 41.2565 -95.9345
Miami 25.7617 -80.1918
Oakland 37.8044 -122.2711
Tulsa 36.1540 -95.9928
Minneapolis 44.9778 -93.2650
Wichita 37.6889 -97.3361
New_Orleans 29.9511 -90.0715
Arlington 32.7357 -97.1081
Tampa 27.9506 -82.4572
0	4488	0	2618	3869	152	2932	0	2489	4717	2803	1499	0	4667	858	2540	1006	0	2861	3511	989	369	345	0	1423	4658	0	4058	1186	0	1417	3201	0	4689	4529	1914	0	3850	1390	0	812	1997	0	4659	2161	1926	0	2100	0	0
0	0	3243	2489	0	4410	0	194	0	554	2283	0	3375	613	0	2262	0	1827	1634	0	0	4302	0	2883	0	1547	0	0	3351	4306	0	1269	780	353	619	0	39	0	0	1740	0	2497	4397	0	2304	0	2219	0	2282	4064
1271	3242	0	1769	2818	0	1999	3341	1558	0	1872	1708	295	3421	0	1594	1215	3321	0	2390	456	0	1583	858	757	0	1277	2812	0	1132	149	2149	2808	0	0	845	3263	0	0	1727	1302	0	0	3414	1110	658	0	1492	1590	0
2618	2487	1765	0	1889	2487	317	2362	384	3037	0	1400	1654	0	0	422	1669	3898	0	1200	0	2274	0	936	0	3782	0	2373	1553	0	1909	0	0	2836	3102	0	2499	1891	1276	0	1927	1443	1910	3079	0	0	969	560	0	1578
0	600	2817	1892	0	3764	1578	0	1713	1150	0	3289	2730	1209	0	1665	3363	0	1390	0	3190	0	4258	0	2631	2143	0	486	2758	3660	0	675	182	949	0	0	612	32	0	1276	3496	2177	0	0	1710	2643	0	0	1684	0
152	0	0	2490	0	0	2804	4394	0	0	2675	0	1035	4618	755	0	867	4540	0	3382	940	229	0	1634	1295	0	2225	0	0	170	1368	3097	0	0	4480	1810	0	3746	1251	2752	0	0	1916	4610	0	1877	2121	0	2393	0
2932	2177	1997	318	1579	2797	0	2053	440	2728	128	0	1886	0	2112	432	0	3625	1502	890	0	2584	3271	0	0	3508	750	2063	0	2637	2140	0	1399	0	2792	1307	0	1582	1590	0	2242	1478	0	2770	853	0	0	875	452	1892
4498	194	3342	2366	572	4321	2052	0	2187	0	2160	0	3286	806	0	2139	3837	0	0	1166	0	0	4899	0	3253	0	0	534	3314	0	0	1232	656	546	812	0	182	581	0	1839	0	2597	0	789	2267	3196	2182	0	2159	3941
0	0	1556	0	1712	2357	441	0	0	2726	314	1678	0	2785	1672	52	0	3514	1419	1022	0	2144	2831	0	1067	3398	331	0	1344	2197	0	1045	0	2508	0	888	2322	0	0	1165	1909	0	2188	2768	0	0	585	838	0	1855
4717	554	0	3041	1151	0	2726	0	2730	0	0	0	3706	72	0	2686	0	1350	2057	0	3903	4577	0	3306	3646	0	2558	858	0	4581	3542	0	1331	252	191	2948	0	1177	3920	0	4511	2730	0	68	0	3226	2641	0	2706	0
0	2282	0	266	0	2671	129	0	0	2833	0	1663	0	2891	1986	0	1949	3477	0	995	2220	0	3145	1041	0	0	624	0	1658	0	2014	0	0	2631	2897	0	2295	1687	0	1379	0	1352	0	2875	727	1887	0	824	326	0
0	0	0	0	3286	1355	0	0	1678	4435	0	0	0	0	1298	0	617	0	2815	0	1619	0	1837	1185	0	4733	0	3644	1234	1201	0	2722	3106	0	0	1844	0	3289	0	0	0	0	560	0	1818	0	2100	882	0	321
1139	0	294	1659	0	0	1888	3359	1447	0	1761	1414	0	3653	0	1498	923	3611	0	2302	461	926	0	747	463	0	1190	0	185	0	0	2062	2721	3525	3515	775	3345	0	858	1717	0	983	0	3646	0	0	1087	1320	0	1591
0	612	0	0	1209	4619	0	805	0	71	0	4496	3654	0	3929	0	4371	1298	2034	0	3851	4525	4980	0	3704	1019	2616	915	3711	4529	3490	0	1389	0	140	0	0	1235	3978	2143	4569	2678	5006	18	2784	3174	0	3656	2764	4673
858	3606	573	1885	0	755	2114	0	1673	3979	0	1298	283	3928	0	1724	684	0	2029	2585	0	646	0	946	609	0	1472	0	0	0	0	2344	0	3808	0	0	3628	2993	913	0	771	1258	1853	3921	0	1228	1369	0	1705	1646
2540	0	1594	0	1661	2408	0	2135	52	0	305	1729	0	0	1723	0	1702	3505	0	972	0	0	2882	778	1118	3388	0	1925	1395	2248	1717	0	0	0	2737	878	2272	0	1308	1123	0	0	0	2727	0	0	0	889	24	0
0	3895	1211	1670	0	861	1983	0	1651	4315	1950	617	921	4374	684	1702	0	4529	2516	0	1005	641	0	1023	0	4434	1760	0	764	706	1357	2633	0	4097	0	1545	0	3366	394	0	267	1842	0	4357	1657	0	1856	0	1683	933
4589	0	0	3927	2294	4538	0	0	0	0	3479	0	3614	0	3893	3532	0	0	0	2740	0	0	4900	0	3844	0	0	1811	0	0	3205	2350	2474	0	1210	0	1864	2321	4239	0	0	0	5304	1289	3240	0	2960	4376	3552	0
0	1635	1615	0	1389	0	1500	0	1418	0	1492	0	0	0	2027	0	2515	2115	0	1024	0	2671	0	1761	1860	1998	0	1206	1783	0	0	721	0	1836	1869	970	1657	0	2255	113	2690	870	0	0	1116	1470	0	0	1254	2988
0	0	2388	1201	694	3377	886	1168	0	1843	0	2598	2301	1901	0	973	2672	2740	1024	0	2762	3164	3851	0	2087	2624	0	1179	2364	3217	2512	0	514	0	1907	1508	0	697	2278	911	0	1635	3108	1885	1282	0	1197	1758	0	2776
989	3670	0	2120	3192	0	2350	3769	1909	3900	2223	1620	0	3849	327	1960	1006	3772	2043	0	0	845	1137	1196	0	0	0	0	582	849	601	0	3183	3871	0	0	0	3173	0	0	1094	0	0	3842	0	1110	0	1716	0	0
0	0	1125	2274	0	225	0	0	2144	0	0	1135	938	0	658	2196	0	4443	0	0	843	0	0	1418	1079	4512	0	0	0	70	1271	3000	3676	0	4383	1713	4283	0	1025	0	0	0	1690	4513	0	1780	2024	1755	2176	1451
0	4798	1581	2963	0	494	3276	4897	2833	5028	0	1841	1505	4977	1226	0	1348	0	3171	3855	0	711	0	0	1767	4968	2695	4369	1530	651	0	3567	0	0	4839	2280	0	4216	1732	3222	1154	2307	2397	4970	2527	2236	2591	0	2865	0
1762	0	0	939	2291	1631	1169	0	728	3305	1042	0	0	0	945	779	0	3786	1763	0	1195	1418	2105	0	341	3721	0	2545	618	1471	0	1623	0	0	0	832	0	0	629	0	0	0	0	0	646	1333	0	637	0	1361
1423	0	758	1279	2632	0	1509	3253	1068	3645	1382	0	464	3703	0	1119	659	3847	0	2090	859	0	0	341	0	0	1090	0	0	1132	904	0	2599	3426	0	893	3246	0	0	1835	867	0	1465	0	986	1414	0	858	1100	0
0	1547	0	3809	2144	0	0	1740	0	1069	3362	4731	3646	1018	3921	3414	4435	0	0	0	0	4516	4972	0	3780	0	3098	1694	3703	0	3325	2232	2324	1207	931	0	1585	2170	4175	0	4610	2670	5241	1011	3123	2783	0	4258	0	4908
2329	0	1277	716	1543	2224	751	2171	332	2556	0	0	1190	0	1472	321	0	3188	0	1115	1651	2116	0	0	1090	3071	0	1797	1218	0	1401	874	0	2338	2609	562	0	1523	0	994	0	0	0	2598	171	0	259	1165	0	2095
4058	436	0	0	486	3980	0	535	1968	0	2169	3645	2945	914	0	1925	3552	0	1204	0	3240	0	4369	2545	2885	0	1797	0	2984	3876	2879	0	666	637	908	2171	457	512	0	1310	3750	0	0	898	1965	0	2036	2805	1945	0
0	0	478	1556	0	1080	0	3388	1345	0	1659	0	0	3713	332	0	763	3796	1786	2366	0	977	0	0	0	3704	1219	0	0	0	624	2091	2750	0	3575	815	0	0	0	0	0	1111	1741	3705	1051	1133	1126	1138	1376	1408
310	4266	1129	0	3673	166	2640	4301	2197	4576	2511	1200	942	0	662	2248	707	4447	2689	3219	847	69	649	1470	1131	4516	2132	3889	981	0	1275	0	3728	4468	4387	1717	4288	3653	1091	2660	513	0	1756	4518	0	1785	2029	1808	0	1516
0	3307	149	1912	2940	1367	2052	0	1612	3537	0	1853	440	3486	0	1716	1360	0	1680	2512	601	1273	0	0	903	0	0	2877	625	1277	0	2272	0	0	0	0	0	0	1298	0	1447	816	0	3479	1232	542	1227	0	1640	0
0	0	0	1430	673	0	1145	1302	0	1686	1137	0	2062	0	2344	0	0	2345	722	429	2523	0	3590	1622	0	2229	875	0	2090	0	2272	0	723	1468	1739	0	1288	654	0	609	2828	1590	3233	0	0	1975	0	1883	0	2900
3859	0	2808	0	182	3755	0	656	1533	1330	1506	3109	0	1389	0	1485	3183	2475	1442	0	0	3675	4248	2258	2599	0	1533	666	0	3729	2931	723	0	1129	1395	1928	0	0	2789	1329	0	0	0	1373	1701	0	1616	0	1505	0
0	352	0	2839	949	0	2525	546	0	0	0	4236	3578	0	3860	2466	0	0	1837	1639	0	4504	0	3086	0	0	0	638	3554	0	0	0	1129	0	278	0	390	976	3700	0	4291	0	4746	285	0	3300	2421	0	0	4414
4529	0	3286	0	1215	0	2791	812	0	190	2898	0	3517	139	0	0	4305	1210	0	1905	0	4387	4843	0	0	931	0	909	0	4391	0	1743	1395	278	0	2759	656	1242	3972	2006	4481	2541	5012	132	2778	3037	2714	0	2758	4680
0	2603	846	0	1938	1810	1309	0	0	2950	1182	0	775	2900	1057	879	0	0	973	0	1227	1702	0	831	891	2891	0	2174	814	0	0	0	1928	0	2761	0	2625	0	0	944	0	298	0	2892	434	0	315	0	0	0
4509	39	0	2501	611	4431	0	181	2322	592	0	3898	0	651	0	2274	0	1865	1656	0	3691	0	0	0	3245	0	2157	456	3372	4327	3330	1290	0	391	657	2622	0	638	3519	0	4110	0	4408	634	2325	3118	2240	3059	2294	4076
0	625	0	1893	0	0	1579	0	1714	0	1687	3291	0	0	2992	0	3364	2320	0	694	0	3636	4238	2270	0	2169	1523	0	0	0	2920	655	184	974	0	1917	637	0	0	1257	0	2238	0	0	1690	2623	0	2451	1686	3468
1390	0	1154	1276	0	1246	0	3443	0	3921	1556	0	859	0	913	1308	394	0	2259	0	1162	1026	1728	0	402	0	0	3162	678	0	1300	0	2789	0	3974	0	3523	2972	0	2230	652	0	1066	0	1263	0	0	757	0	0
2856	0	1726	0	1277	2752	1388	0	1164	0	1379	0	1717	0	1999	0	2487	0	113	911	2154	2643	0	1733	0	2108	0	0	1755	0	0	0	1329	0	0	942	1763	0	2228	0	2662	0	3293	0	0	1581	808	0	1141	2960
812	4096	0	1935	0	664	2249	0	1916	4516	0	729	0	4575	0	1967	275	4623	0	0	1099	0	1146	0	0	4617	0	3757	0	0	0	0	0	4298	0	1727	4118	0	659	2670	0	2024	0	4558	0	0	2039	0	1948	0
1997	0	752	1444	2101	1948	0	2598	1061	2728	1352	2138	983	2678	1258	1050	0	0	872	0	0	1854	2309	1127	1187	0	733	2069	1110	0	0	0	2153	0	2540	295	0	2081	1582	983	1987	0	2648	2670	730	607	0	1761	1070	2315
0	0	0	0	3798	1913	0	0	0	4947	0	0	1927	0	1856	2241	0	5310	3327	3109	0	0	2395	0	0	5245	0	0	0	1758	2367	0	0	4745	5011	2356	0	3801	0	3298	0	2653	0	4989	0	2876	2612	1394	0	0
4659	0	0	3082	0	4612	0	789	0	67	2876	0	3647	0	3922	0	4355	0	2027	0	3844	0	0	3347	0	0	2600	899	0	4522	0	1733	1373	285	0	2889	634	0	0	0	4553	2671	4990	0	2768	3167	0	3640	2748	4657
2161	2306	0	798	1713	0	856	2341	416	2726	0	1814	0	2785	0	0	1654	3213	0	0	1483	0	2550	0	986	0	172	1967	1050	0	1233	0	0	2508	2779	0	2328	1693	0	1089	1851	731	0	2768	0	1132	0	0	0	1992
0	0	657	0	2641	0	2012	0	0	3224	0	2364	0	3173	1230	0	1871	0	1472	0	1109	0	2236	1334	0	2785	1266	0	1136	1785	542	0	2632	0	3035	701	3120	0	1809	0	0	607	0	3166	1131	0	0	1967	1603	0
2225	2220	0	969	0	2121	0	2255	0	2639	877	0	1087	0	0	574	1856	2933	838	1198	0	2013	0	0	1202	0	258	2039	0	0	0	958	1616	0	0	314	0	0	1542	0	2032	486	2607	0	283	1020	0	1418	594	2274
0	3045	0	562	2447	0	875	0	0	0	824	882	0	3654	1465	889	0	0	2253	0	1714	1755	2442	0	858	0	1164	0	0	1808	0	1882	0	3394	3660	0	3057	0	757	2003	1409	1762	1392	3637	0	1967	1418	0	870	1059
0	0	1590	412	0	2390	447	2158	35	0	0	0	1479	2763	0	25	0	0	1256	995	1939	2177	0	0	1101	3407	341	0	1377	0	1643	1022	0	0	2757	0	2295	1687	1290	0	0	0	2221	0	444	0	595	872	0	1889
0	4062	1887	0	0	1671	0	3937	0	4612	0	320	1593	0	1646	1906	932	4976	0	2775	0	1451	0	1362	0	4911	0	0	1411	0	2033	0	3284	0	0	2021	0	0	734	2964	0	0	450	0	1995	0	0	1059	1887	0
